SP_RX_RAll_A0	SP_RY_RAll_A0
3895.7415	0
4659.6958	0
4691.5771	0
NAN	NAN
737.10345	1
1775.8217	1
1806.5509	1
2729.1443	1
4333.2026	1
4959.3604	1
NAN	NAN
455.88303	2
1570.064	2
3102.0986	2
3259.5491	2
3302.2625	2
3312.3323	2
3362.1523	2
3393.4817	2
3624.4888	2
3642.2996	2
3673.0337	2
3695.8682	2
NAN	NAN
178.57542	3
814.4422	3
3464.6387	3
4449.2305	3
NAN	NAN
423.7948	4
447.79532	4
687.42926	4
1025.8434	4
1079.3	4
3839.0068	4
NAN	NAN
187.46872	5
1681.1893	5
2202.4941	5
2237.9634	5
2252.7947	5
2264.0503	5
2271.4121	5
2279.9429	5
2286.1719	5
2300.8003	5
2309.8135	5
2324.9819	5
2337.0962	5
2370.1135	5
2404.2815	5
2414.0977	5
2430.4856	5
2454.1672	5
2468.2437	5
2479.5171	5
2491.6331	5
2576.1487	5
2593.4883	5
3893.4255	5
3914.4302	5
NAN	NAN
