SP_RX_RAll_A0	SP_RY_RAll_A0
1443.6665	0
2650.0791	0
2754.8445	0
NAN	NAN
1319.3032	1
3189.9851	1
3202.8252	1
3232.614	1
NAN	NAN
372.8811	2
407.93234	2
541.23621	2
604.18219	2
2969.1335	2
3324.2334	2
3837.2959	2
NAN	NAN
1231.0447	3
1246.8208	3
1272.9691	3
1994.105	3
3053.4258	3
4878.2261	3
NAN	NAN
529.99646	4
1678.8768	4
1709.574	4
2667.4827	4
2705.4595	4
2749.7156	4
3325.2612	4
3780.0225	4
3839.5115	4
3965.762	4
4023.4578	4
4785.2222	4
NAN	NAN
169.38599	5
185.5928	5
879.99542	5
1133.5919	5
1161.4508	5
1182.6459	5
1288.4468	5
1347.7178	5
2009.7612	5
2056.4502	5
2178.998	5
2196.1487	5
2212.1545	5
2231.2275	5
2262.5623	5
2274.427	5
2293.6968	5
2315.4207	5
2341.8933	5
2350.6846	5
2361.1233	5
2387.886	5
2412.9294	5
2428.7588	5
2450.2356	5
2460.3792	5
2479.8848	5
2498.1304	5
2537.4822	5
2568.0908	5
2601.8572	5
2628.1252	5
2705.0725	5
4585.626	5
NAN	NAN
