SP_RX_RAll_A0	SP_RY_RAll_A0
244.02554	0
1103.7748	0
1478.9869	0
4817.5571	0
4853.7456	0
NAN	NAN
479.61884	1
783.99353	1
885.38422	1
3875.6826	1
4130.1304	1
4511.6465	1
NAN	NAN
498.70941	2
607.33026	2
644.16583	2
1070.7905	2
1729.4213	2
1877.6582	2
2975.1924	2
3009.0608	2
3043.9392	2
3069.9878	2
3139.8643	2
3593.0276	2
4609.248	2
4632.6934	2
NAN	NAN
3471.6367	3
4531.8799	3
NAN	NAN
473.06778	4
1730.5945	4
1746.6824	4
1768.5239	4
2410.6677	4
2428.4944	4
2450.8743	4
4275.8701	4
4305.5459	4
4343.6558	4
4443.9634	4
4477.9683	4
NAN	NAN
815.34106	5
829.70233	5
993.58545	5
1037.2001	5
2215.3135	5
2226.7881	5
2237.1448	5
2242.5085	5
2257.9121	5
2265.1543	5
2272.4639	5
2281.7351	5
2298.1897	5
2316.5002	5
2332.8115	5
2352.2551	5
2387.0081	5
2410.0037	5
2435.0862	5
2470.7976	5
2491.8582	5
2507.9409	5
2544.0388	5
2567.5754	5
2599.4973	5
NAN	NAN
