! blank = 0
OilBl 0 500 0 0 0 0 0 0 0 0 0 0 0 0 0
E2Hex 0 500 1 0 0 0 0 0 0 0 0 0 0 0 0
GerAc 0 500 2 0 0 0 0 0 0 0 0 0 0 0 0
Prpyl 0 500 3 0 0 0 0 0 0 0 0 0 0 0 0
IPenA 0 500 4 0 0 0 0 0 0 0 0 0 0 0 0
Et3HB 0 500 5 0 0 0 0 0 0 0 0 0 0 0 0
Nonnl 0 500 6 0 0 0 0 0 0 0 0 0 0 0 0
CiVAc 0 500 7 0 0 0 0 0 0 0 0 0 0 0 0

OilBl 0 500 0 0 0 0 0 0 0 0 0 0 0 0 0
E2Hex 0 500 1 0 0 0 0 0 0 0 0 0 0 0 0
GerAc 0 500 2 0 0 0 0 0 0 0 0 0 0 0 0
Prpyl 0 500 3 0 0 0 0 0 0 0 0 0 0 0 0
IPenA 0 500 4 0 0 0 0 0 0 0 0 0 0 0 0
Et3HB 0 500 5 0 0 0 0 0 0 0 0 0 0 0 0
Nonnl 0 500 6 0 0 0 0 0 0 0 0 0 0 0 0
CiVAc 0 500 7 0 0 0 0 0 0 0 0 0 0 0 0

OilBl 0 500 0 0 0 0 0 0 0 0 0 0 0 0 0
E2Hex 0 500 1 0 0 0 0 0 0 0 0 0 0 0 0
GerAc 0 500 2 0 0 0 0 0 0 0 0 0 0 0 0
Prpyl 0 500 3 0 0 0 0 0 0 0 0 0 0 0 0
IPenA 0 500 4 0 0 0 0 0 0 0 0 0 0 0 0
Et3HB 0 500 5 0 0 0 0 0 0 0 0 0 0 0 0
Nonnl 0 500 6 0 0 0 0 0 0 0 0 0 0 0 0
CiVAc 0 500 7 0 0 0 0 0 0 0 0 0 0 0 0

OilBl 0 500 0 0 0 0 0 0 0 0 0 0 0 0 0
E2Hex 0 500 1 0 0 0 0 0 0 0 0 0 0 0 0
GerAc 0 500 2 0 0 0 0 0 0 0 0 0 0 0 0
Prpyl 0 500 3 0 0 0 0 0 0 0 0 0 0 0 0
IPenA 0 500 4 0 0 0 0 0 0 0 0 0 0 0 0
Et3HB 0 500 5 0 0 0 0 0 0 0 0 0 0 0 0
Nonnl 0 500 6 0 0 0 0 0 0 0 0 0 0 0 0
CiVAc 0 500 7 0 0 0 0 0 0 0 0 0 0 0 0

OilBl 0 500 0 0 0 0 0 0 0 0 0 0 0 0 0
E2Hex 0 500 1 0 0 0 0 0 0 0 0 0 0 0 0
GerAc 0 500 2 0 0 0 0 0 0 0 0 0 0 0 0
Prpyl 0 500 3 0 0 0 0 0 0 0 0 0 0 0 0
IPenA 0 500 4 0 0 0 0 0 0 0 0 0 0 0 0
Et3HB 0 500 5 0 0 0 0 0 0 0 0 0 0 0 0
Nonnl 0 500 6 0 0 0 0 0 0 0 0 0 0 0 0
CiVAc 0 500 7 0 0 0 0 0 0 0 0 0 0 0 0