SP_RX_RAll_A0	SP_RY_RAll_A0
271.89221	0
4174.3213	0
4210.1948	0
NAN	NAN
256.54608	1
271.54141	1
287.58859	1
1639.953	1
1665.1497	1
3222.2922	1
4182.519	1
NAN	NAN
699.98425	2
1454.2487	2
2706.1189	2
2973.0547	2
3013.2268	2
3214.8945	2
3231.3167	2
3254.8711	2
3284.6575	2
3299.7698	2
3328.5117	2
4210.4751	2
NAN	NAN
110.89772	3
123.66168	3
1701.5685	3
1743.3694	3
1830.5685	3
1849.6041	3
1860.7827	3
3673.7312	3
NAN	NAN
1353.1545	4
3262.4402	4
3935.6904	4
3953.1389	4
3963.6533	4
3987.6016	4
NAN	NAN
495.85953	5
538.6037	5
549.26422	5
1395.1471	5
2210.4888	5
2227.8052	5
2239.1001	5
2248.7178	5
2262.637	5
2268.9902	5
2279.8843	5
2288.7964	5
2297.2803	5
2305.6101	5
2312.3074	5
2319.2373	5
2335.083	5
2346.6785	5
2352.8557	5
2364.364	5
2377.2119	5
2420.897	5
2460.8726	5
2497.7222	5
2509.6177	5
2531.3591	5
2608.7722	5
2632.0547	5
NAN	NAN
