! blank = 0
OilBl 0 250 0 0 0 0 0 0 0 0 0 0 0 0 0
E2Hex 0 250 1 0 0 0 0 0 0 0 0 0 0 0 0
GerAc 0 250 2 0 0 0 0 0 0 0 0 0 0 0 0
Prpyl 0 250 3 0 0 0 0 0 0 0 0 0 0 0 0
IPenA 0 250 4 0 0 0 0 0 0 0 0 0 0 0 0
Et3HB 0 250 5 0 0 0 0 0 0 0 0 0 0 0 0
Nonnl 0 250 6 0 0 0 0 0 0 0 0 0 0 0 0
CiVAc 0 250 7 0 0 0 0 0 0 0 0 0 0 0 0

OilBl 0 250 0 0 0 0 0 0 0 0 0 0 0 0 0
E2Hex 0 250 1 0 0 0 0 0 0 0 0 0 0 0 0
GerAc 0 250 2 0 0 0 0 0 0 0 0 0 0 0 0
Prpyl 0 250 3 0 0 0 0 0 0 0 0 0 0 0 0
IPenA 0 250 4 0 0 0 0 0 0 0 0 0 0 0 0
Et3HB 0 250 5 0 0 0 0 0 0 0 0 0 0 0 0
Nonnl 0 250 6 0 0 0 0 0 0 0 0 0 0 0 0
CiVAc 0 250 7 0 0 0 0 0 0 0 0 0 0 0 0

OilBl 0 250 0 0 0 0 0 0 0 0 0 0 0 0 0
E2Hex 0 250 1 0 0 0 0 0 0 0 0 0 0 0 0
GerAc 0 250 2 0 0 0 0 0 0 0 0 0 0 0 0
Prpyl 0 250 3 0 0 0 0 0 0 0 0 0 0 0 0
IPenA 0 250 4 0 0 0 0 0 0 0 0 0 0 0 0
Et3HB 0 250 5 0 0 0 0 0 0 0 0 0 0 0 0
Nonnl 0 250 6 0 0 0 0 0 0 0 0 0 0 0 0
CiVAc 0 250 7 0 0 0 0 0 0 0 0 0 0 0 0

OilBl 0 250 0 0 0 0 0 0 0 0 0 0 0 0 0
E2Hex 0 250 1 0 0 0 0 0 0 0 0 0 0 0 0
GerAc 0 250 2 0 0 0 0 0 0 0 0 0 0 0 0
Prpyl 0 250 3 0 0 0 0 0 0 0 0 0 0 0 0
IPenA 0 250 4 0 0 0 0 0 0 0 0 0 0 0 0
Et3HB 0 250 5 0 0 0 0 0 0 0 0 0 0 0 0
Nonnl 0 250 6 0 0 0 0 0 0 0 0 0 0 0 0
CiVAc 0 250 7 0 0 0 0 0 0 0 0 0 0 0 0