! blank = 24
WatBl 0 250 24 0 0 0 0 0 0 0 0 0 0 0 0
Acoin 0 250 25 0 0 0 0 0 0 0 0 0 0 0 0
MtAct 0 250 26 0 0 0 0 0 0 0 0 0 0 0 0
AcAcd 0 250 27 0 0 0 0 0 0 0 0 0 0 0 0
PrpnA 0 250 28 0 0 0 0 0 0 0 0 0 0 0 0
BtrAc 0 250 29 0 0 0 0 0 0 0 0 0 0 0 0
Amnia 0 250 30 0 0 0 0 0 0 0 0 0 0 0 0
Pyrdn 0 250 31 0 0 0 0 0 0 0 0 0 0 0 0

WatBl 0 250 24 0 0 0 0 0 0 0 0 0 0 0 0
Acoin 0 250 25 0 0 0 0 0 0 0 0 0 0 0 0
MtAct 0 250 26 0 0 0 0 0 0 0 0 0 0 0 0
AcAcd 0 250 27 0 0 0 0 0 0 0 0 0 0 0 0
PrpnA 0 250 28 0 0 0 0 0 0 0 0 0 0 0 0
BtrAc 0 250 29 0 0 0 0 0 0 0 0 0 0 0 0
Amnia 0 250 30 0 0 0 0 0 0 0 0 0 0 0 0
Pyrdn 0 250 31 0 0 0 0 0 0 0 0 0 0 0 0

WatBl 0 250 24 0 0 0 0 0 0 0 0 0 0 0 0
Acoin 0 250 25 0 0 0 0 0 0 0 0 0 0 0 0
MtAct 0 250 26 0 0 0 0 0 0 0 0 0 0 0 0
AcAcd 0 250 27 0 0 0 0 0 0 0 0 0 0 0 0
PrpnA 0 250 28 0 0 0 0 0 0 0 0 0 0 0 0
BtrAc 0 250 29 0 0 0 0 0 0 0 0 0 0 0 0
Amnia 0 250 30 0 0 0 0 0 0 0 0 0 0 0 0
Pyrdn 0 250 31 0 0 0 0 0 0 0 0 0 0 0 0

WatBl 0 250 24 0 0 0 0 0 0 0 0 0 0 0 0
Acoin 0 250 25 0 0 0 0 0 0 0 0 0 0 0 0
MtAct 0 250 26 0 0 0 0 0 0 0 0 0 0 0 0
AcAcd 0 250 27 0 0 0 0 0 0 0 0 0 0 0 0
PrpnA 0 250 28 0 0 0 0 0 0 0 0 0 0 0 0
BtrAc 0 250 29 0 0 0 0 0 0 0 0 0 0 0 0
Amnia 0 250 30 0 0 0 0 0 0 0 0 0 0 0 0
Pyrdn 0 250 31 0 0 0 0 0 0 0 0 0 0 0 0