! blank = 16
OilBl 0 250 16 0 0 0 0 0 0 0 0 0 0 0 0
BeZal 0 250 17 0 0 0 0 0 0 0 0 0 0 0 0
bCitr 0 250 18 0 0 0 0 0 0 0 0 0 0 0 0
1HxOl 0 250 19 0 0 0 0 0 0 0 0 0 0 0 0
Frnsl 0 250 20 0 0 0 0 0 0 0 0 0 0 0 0
! blank = 21
WatBl 0 250 21 0 0 0 0 0 0 0 0 0 0 0 0
Cdvrn 0 250 22 0 0 0 0 0 0 0 0 0 0 0 0
Sprmn 0 250 23 0 0 0 0 0 0 0 0 0 0 0 0
! blank = 16
OilBl 0 250 16 0 0 0 0 0 0 0 0 0 0 0 0
BeZal 0 250 17 0 0 0 0 0 0 0 0 0 0 0 0
bCitr 0 250 18 0 0 0 0 0 0 0 0 0 0 0 0
1HxOl 0 250 19 0 0 0 0 0 0 0 0 0 0 0 0
Frnsl 0 250 20 0 0 0 0 0 0 0 0 0 0 0 0
! blank = 21
WatBl 0 250 21 0 0 0 0 0 0 0 0 0 0 0 0
Cdvrn 0 250 22 0 0 0 0 0 0 0 0 0 0 0 0
Sprmn 0 250 23 0 0 0 0 0 0 0 0 0 0 0 0
! blank = 16
OilBl 0 250 16 0 0 0 0 0 0 0 0 0 0 0 0
BeZal 0 250 17 0 0 0 0 0 0 0 0 0 0 0 0
bCitr 0 250 18 0 0 0 0 0 0 0 0 0 0 0 0
1HxOl 0 250 19 0 0 0 0 0 0 0 0 0 0 0 0
Frnsl 0 250 20 0 0 0 0 0 0 0 0 0 0 0 0
! blank = 21
WatBl 0 250 21 0 0 0 0 0 0 0 0 0 0 0 0
Cdvrn 0 250 22 0 0 0 0 0 0 0 0 0 0 0 0
Sprmn 0 250 23 0 0 0 0	 0 0 0 0 0 0 0 0
! blank = 16
OilBl 0 250 16 0 0 0 0 0 0 0 0 0 0 0 0
BeZal 0 250 17 0 0 0 0 0 0 0 0 0 0 0 0
bCitr 0 250 18 0 0 0 0 0 0 0 0 0 0 0 0
1HxOl 0 250 19 0 0 0 0 0 0 0 0 0 0 0 0
Frnsl 0 250 20 0 0 0 0 0 0 0 0 0 0 0 0
! blank = 21
WatBl 0 250 21 0 0 0 0 0 0 0 0 0 0 0 0
Cdvrn 0 250 22 0 0 0 0 0 0 0 0 0 0 0 0
Sprmn 0 250 23 0 0 0 0 0 0 0 0 0 0 0 0