! blank = 32
WatBl 0 250 32 0 0 0 0 0 0 0 0 0 0 0 0
PAcHd 0 250 33 0 0 0 0 0 0 0 0 0 0 0 0
HCL36 0 250 34 0 0 0 0 0 0 0 0 0 0 0 0
PAcAc 0 250 35 0 0 0 0 0 0 0 0 0 0 0 0
Vingr 0 250 36 0 0 0 0 0 0 0 0 0 0 0 0
Geosn 0 250 37 0 0 0 0 0 0 0 0 0 0 0 0
VinGe 0 250 38 0 0 0 0 0 0 0 0 0 0 0 0
PEtAm 0 250 39 0 0 0 0 0 0 0 0 0 0 0 0

WatBl 0 250 32 0 0 0 0 0 0 0 0 0 0 0 0
PAcHd 0 250 33 0 0 0 0 0 0 0 0 0 0 0 0
HCL36 0 250 34 0 0 0 0 0 0 0 0 0 0 0 0
PAcAc 0 250 35 0 0 0 0 0 0 0 0 0 0 0 0
Vingr 0 250 36 0 0 0 0 0 0 0 0 0 0 0 0
Geosn 0 250 37 0 0 0 0 0 0 0 0 0 0 0 0
VinGe 0 250 38 0 0 0 0 0 0 0 0 0 0 0 0
PEtAm 0 250 39 0 0 0 0 0 0 0 0 0 0 0 0

WatBl 0 250 32 0 0 0 0 0 0 0 0 0 0 0 0
PAcHd 0 250 33 0 0 0 0 0 0 0 0 0 0 0 0
HCL36 0 250 34 0 0 0 0 0 0 0 0 0 0 0 0
PAcAc 0 250 35 0 0 0 0 0 0 0 0 0 0 0 0
Vingr 0 250 36 0 0 0 0 0 0 0 0 0 0 0 0
Geosn 0 250 37 0 0 0 0 0 0 0 0 0 0 0 0
VinGe 0 250 38 0 0 0 0 0 0 0 0 0 0 0 0
PEtAm 0 250 39 0 0 0 0 0 0 0 0 0 0 0 0

WatBl 0 250 32 0 0 0 0 0 0 0 0 0 0 0 0
PAcHd 0 250 33 0 0 0 0 0 0 0 0 0 0 0 0
HCL36 0 250 34 0 0 0 0 0 0 0 0 0 0 0 0
PAcAc 0 250 35 0 0 0 0 0 0 0 0 0 0 0 0
Vingr 0 250 36 0 0 0 0 0 0 0 0 0 0 0 0
Geosn 0 250 37 0 0 0 0 0 0 0 0 0 0 0 0
VinGe 0 250 38 0 0 0 0 0 0 0 0 0 0 0 0
PEtAm 0 250 39 0 0 0 0 0 0 0 0 0 0 0 0

