! blank = 8
OilBl 0 250 8 0 0 0 0 0 0 0 0 0 0 0 0
MetSl 0 250 9 0 0 0 0 0 0 0 0 0 0 0 0
HexAc 0 250 10 0 0 0 0 0 0 0 0 0 0 0 0
PeEtA 0 250 11 0 0 0 0 0 0 0 0 0 0 0 0
AceAc 0 250 12 0 0 0 0 0 0 0 0 0 0 0 0
EtHex 0 250 13 0 0 0 0 0 0 0 0 0 0 0 0
2PnAc 0 250 14 0 0 0 0 0 0 0 0 0 0 0 0
5OdMx 0 250 15 0 0 0 0 0 0 0 0 0 0 0 0

OilBl 0 250 8 0 0 0 0 0 0 0 0 0 0 0 0
MetSl 0 250 9 0 0 0 0 0 0 0 0 0 0 0 0
HexAc 0 250 10 0 0 0 0 0 0 0 0 0 0 0 0
PeEtA 0 250 11 0 0 0 0 0 0 0 0 0 0 0 0
AceAc 0 250 12 0 0 0 0 0 0 0 0 0 0 0 0
EtHex 0 250 13 0 0 0 0 0 0 0 0 0 0 0 0
2PnAc 0 250 14 0 0 0 0 0 0 0 0 0 0 0 0
5OdMx 0 250 15 0 0 0 0 0 0 0 0 0 0 0 0

OilBl 0 250 8 0 0 0 0 0 0 0 0 0 0 0 0
MetSl 0 250 9 0 0 0 0 0 0 0 0 0 0 0 0
HexAc 0 250 10 0 0 0 0 0 0 0 0 0 0 0 0
PeEtA 0 250 11 0 0 0 0 0 0 0 0 0 0 0 0
AceAc 0 250 12 0 0 0 0 0 0 0 0 0 0 0 0
EtHex 0 250 13 0 0 0 0 0 0 0 0 0 0 0 0
2PnAc 0 250 14 0 0 0 0 0 0 0 0 0 0 0 0
5OdMx 0 250 15 0 0 0 0 0 0 0 0 0 0 0 0

OilBl 0 250 8 0 0 0 0 0 0 0 0 0 0 0 0
MetSl 0 250 9 0 0 0 0 0 0 0 0 0 0 0 0
HexAc 0 250 10 0 0 0 0 0 0 0 0 0 0 0 0
PeEtA 0 250 11 0 0 0 0 0 0 0 0 0 0 0 0
AceAc 0 250 12 0 0 0 0 0 0 0 0 0 0 0 0
EtHex 0 250 13 0 0 0 0 0 0 0 0 0 0 0 0
2PnAc 0 250 14 0 0 0 0 0 0 0 0 0 0 0 0
5OdMx 0 250 15 0 0 0 0 0 0 0 0 0 0 0 0
